140 137 131 128
145 143 141 135 134 133 132 126 125 124 123
145 141 138 135 134 133 132 129 126 125 124 123
145 141 139 136
146 144 142
146 142 139 136 130 127
340 336 332 329 325 320 315 311 306 296 288 280 278 258 244 234 226 220
371 368 365 362 359 355 351 347 344 300 294 292 284 260 242 232 224 222
395 391 387 386 382 378 377 373 372 369 366 363 360 357 356 353 352 349 348 345 342 341 337 333 330 326 322 321 317 316 313 312 308 307 301 299 297 295 293 291 289 287 285 283 281 279 277 275 273 267 265 263 261 255 253 251 249 247 245 243 241 239 237 235 233 231 229 227 225 223 221 219 215 211 207 204 201 200 192 191 187 186 182 181 177 176 172 171 168 167 160 156 152 148 147
395 391 382 369 366 363 360 345 337 333 330 326 215 211 207 204 160 156 152 27 26 25 24 23 22 21 20 19 18 17 16 15 14 13 12 11 10 9
387 386 378 377 373 372 357 356 353 352 349 348 342 341 322 321 317 316 313 312 308 307 304 303 301 299 297 295 293 291 289 287 285 283 281 279 277 275 273 271 269 267 265 263 261 259 257 201 200 197 196 192 191 187 186 182 181 177 176 172 171 168 167 164 163 148 147
387 386 378 377 373 372 357 356 353 352 349 348 342 341 322 321 317 316 313 312 308 307 304 303 201 200 197 196 192 191 187 186 182 181 177 176 172 171 168 167 164 163 148 147 94 93 92 91 90 89 88 87 86 85 84 83 82 81 80 79 78 77 76 75 74 73 72 70 69 68 67 66 65 64 63 62 61 60 59 58 57 56 55 54 53 52 51 50 49 48
396 392 388 383 379 374 298 290 268 246 240 236
397 393 389 384 380 375 298 290 268 246 240 236
384 380 267 245
397 393 389 375 367 358 328 310 300 298 290 286 278 266 254 244 242 240 236 230 213 184 154
393 389 367 358 328 310 299 297 285 277 265 253 243 241 235 229 213 184 154
397 375 370 367 358 350 335 328 319 310 300 294 290 286 282 280 278 266 262 256 254 244 242 240 238 234 232 230 217 213 194 184 174 158 154
397 375 370 350 335 319 293 289 281 279 261 255 239 237 233 231 217 194 174 158
370 367 364 361 358 354 350 346 343 300 294 292 286 284 282 280 278 266 262 260 256 254 244 242 238 234 232 230 224 222
364 361 354 346 343 302 296 294 292 286 284 282 280 278 266 264 262 260 256 254 252 244 238 234 230 228 226 224 222
370 367 361 358 354 350 335 328 319 310 300 294 292 286 282 280 278 266 262 256 254 244 242 238 234 232 230 224 217 213 194 184 174 158 154
364 346 343 338 334 331 327 323 318 314 309 305 302 296 288 286 284 282 280 278 266 264 262 260 258 256 254 252 244 238 234 230 228 226 222 220 216 212 208 193 188 183 178 173 157 153 149
305 271 269 259 257 198 165
364 346 343 331 314 305 302 288 286 284 282 276 274 270 266 264 262 260 258 256 254 252 250 248 238 230 228 222 220 216 212 208 205 202 193 188 183 178 173 169 165 161 157 153 149
302 286 282 274 270 250 238 230 228 180 175 170 166 162 159 155 151
305 276 272 270 266 264 262 260 258 256 254 252 248 216 212 208 205 202 198 193 188 183 165
276 272 266 264 262 256 254 252 248 218 214 210 206 203 199 195 190 185
364 346 343 331 314 287 283 275 273 249 247 221 219 205 202 169 161
361 354 339 335 328 324 319 310 302 296 294 292 286 282 280 278 266 264 262 256 254 252 244 238 234 230 228 226 224 217 213 209 194 189 184 179 174 158 154 150
361 354 339 324 301 295 291 263 251 227 225 223 209 189 179 150
398 394 390 385 381 376 298 290 268 246 240 236
473 472 471 469 468 466 465 464 462 461 459 458 456 455 454 452 451 449 448 447 442 441 440 439 437 435 432 430 428 426 424 422 420 418 417 415 413 411 409 407 401 400 399
473 472 471 466 465 464 456 455 454 449 448 447 442 441 440 401 400 399 122 121 120 119 118 117 116 115 114 104 103 102 101 100 99 98 97 96 36 35 34 33 32 31 30 29 28
122 121 120 119 118 117 116 115 114 104 103 102 101 100 99 98 97 96 71 70 69 68 67 66 65 64 63 62 61 60 59 58 57 56 55 54 53 52 51 50 49 48 36 35 34 33 32 31 30 29 28 27 26 25 24 23 22 21 20 19 18 17 16 15 14 13 12 11 10 9
122 121 120 119 118 117 116 115 114 113 112 111 110 109 108 107 106 105 95 94 93 92 91 90 89 88 87 86 85 84 83 82 81 80 79 78 77 76 75 74 73 72 71 70 69 68 67 66 65 64 63 62 61 60 59 58 57 56 55 54 53 52 51 50 49 48 46 45 44 43 42 41 40 39 38 36 35 34 33 32 31 30 29 28
95 71 47 37
469 468 462 461 459 458 452 451 445 444 442 441 440 439 437 435 433 432 430 428 426 424 418 404 403 401 400 399
469 468 462 461 459 458 452 451 445 444 404 403 113 112 111 110 109 108 107 106 105 46 45 44 43 42 41 40 39 38
433 418 405 402
474 470 467 463 460 457 453 450 438 436 434 431 429 427 425 423 421 419 416 414 412 410 408 406
438 436 429 427 421 419 412 410 8 7 6 5 4 3
434 431 425 423 416 414 408 406 135 134 133 132 126 125 124 123
135 134 133 132 126 125 124 123 2 1 0
438 436 429 427 421 419 412 410 138 129
470 467 453 450 432 430 417 411
474 463 460 457 437 435 428 426 422 415 413 407
460 457 453 450 446 443 438 436 429 427 421 419 412 410
